{
  "accuracy": 0.9923974148150981,
  "precision": 0.4007234726688103,
  "recall": 1.0,
  "f1": 0.5721664275466284,
  "roc_auc": 0.9999327756409415,
  "gini": 0.999865551281883,
  "confusion_matrix": {
    "tn": 387259,
    "fp": 2982,
    "fn": 0,
    "tp": 1994
  }
}