{
  "accuracy": 0.9934259674286569,
  "precision": 0.47619047619047616,
  "recall": 1.0,
  "f1": 0.6451612903225806,
  "roc_auc": 1.0,
  "gini": 1.0,
  "confusion_matrix": {
    "tn": 13218,
    "fp": 88,
    "fn": 0,
    "tp": 80
  }
}